Webots Project File version 8.4.0
perspectives: 000000ff00000000fd00000002000000010000026d000002f2fc0200000001fb0000001400540065007800740045006400690074006f00720100000015000002f20000009d00ffffff0000000300000780000000d8fc0100000001fb0000000e0043006f006e0073006f006c00650100000000000007800000005400ffffff0000050d000002f200000001000000020000000100000008fc00000000
simulationViewPerspectives: 000000ff0000000100000002000001000000032d0100000006010000000100
sceneTreePerspectives: 000000ff0000000100000002000000c00000007b0100000006010000000200
minimizedPerspectives: 
maximizedDockId: -1
centralWidgetVisible: 1
orthographicViewHeight: 1
textFiles: 1 "controllers/tcpipcontrol/TCPIPControl.py" "controllers/tcpipcontrol1/TCPIPControl1.py"
renderingDevicePerspectives: 180;1;1;0.0533463;0.0873926
renderingDevicePerspectives: 89;1;1;0.0533463;0.0873926
