Webots Project File version 8.5
perspectives: 000000ff00000000fd00000003000000000000000000000000fc0100000001fb0000001a0044006f00630075006d0065006e0074006100740069006f006e0000000000ffffffff0000005400ffffff00000001000001e600000158fc0200000001fb0000001400540065007800740045006400690074006f00720000000015000001580000003e00ffffff0000000300000556000000a9fc0100000001fb0000000e0043006f006e0073006f006c00650100000000000005560000005400ffffff00000556000001e900000001000000020000000100000008fc00000000
simulationViewPerspectives: 000000ff000000010000000200000189000003c70100000006010000000100
sceneTreePerspectives: 000000ff0000000100000002000000c0000000880100000006010000000200
minimizedPerspectives: 000000ff00000000fd000000020000000100000124000001bafc0200000001fb0000001400540065007800740045006400690074006f00720000000015000001ba0000003e00ffffff0000000300000780000000d8fc0100000001fb0000000e0043006f006e0073006f006c00650100000000000007800000005400ffffff00000780000002f200000001000000020000000100000008fc00000000
maximizedDockId: -1
centralWidgetVisible: 1
orthographicViewHeight: 1
textFiles: -1
documentationBook: 
documentationPage: 
renderingDevicePerspectives: 153;1;1;0.0340909;0.0987013
