Webots Project File version 8.4.0
perspectives: 000000ff00000000fd0000000200000001000001e6000001dcfc0200000001fb0000001400540065007800740045006400690074006f00720100000015000001dc0000003e00ffffff00000003000006400000013afc0100000001fb0000000e0043006f006e0073006f006c00650100000000000006400000005400ffffff00000454000001dc00000001000000020000000100000008fc00000000
simulationViewPerspectives: 000000ff0000000100000002000000ed000003610100000006010000000100
sceneTreePerspectives: 000000ff0000000100000002000000c00000007b0100000006010000000200
minimizedPerspectives: 000000ff00000000fd000000020000000100000124000001bafc0200000001fb0000001400540065007800740045006400690074006f00720000000015000001ba0000003e00ffffff0000000300000780000000d8fc0100000001fb0000000e0043006f006e0073006f006c00650100000000000007800000005400ffffff00000780000002f200000001000000020000000100000008fc00000000
maximizedDockId: -1
centralWidgetVisible: 1
orthographicViewHeight: 1
textFiles: -1
renderingDevicePerspectives: 89;1;0.78125;0.0300578;0.0619048
renderingDevicePerspectives: 180;1;1;0.0381503;0.0785714
