Webots Project File version 8.5
perspectives: 000000ff00000000fd00000003000000000000000000000000fc0100000001fb0000001a0044006f00630075006d0065006e0074006100740069006f006e0000000000ffffffff0000005400ffffff00000001000001e3000002cbfc0200000001fb0000001400540065007800740045006400690074006f00720100000015000002cb0000009d00ffffff0000000300000780000000fffc0100000001fb0000000e0043006f006e0073006f006c00650100000000000007800000005400ffffff00000597000002cb00000001000000020000000100000008fc00000000
simulationViewPerspectives: 000000ff0000000100000002000001db000003750100000006010000000100
sceneTreePerspectives: 000000ff0000000100000002000000c0000000ba0100000006010000000200
minimizedPerspectives: 
maximizedDockId: -1
centralWidgetVisible: 1
orthographicViewHeight: 1
textFiles: 0 "controllers/ModuleTest/ModuleTest.py" "controllers/COMTEST/COMTEST.py"
documentationBook: 
documentationPage: 
renderingDevicePerspectives: 401;0;1;0.0546793;0.090776
renderingDevicePerspectives: 266;1;1;0.0546793;0.0849195
renderingDevicePerspectives: 83;0;1;0.171399;0.203514
renderingDevicePerspectives: 175;1;2.32812;0.126709;0.207174
