Webots Project File version 8.4.0
perspectives: 000000ff00000000fd0000000300000000000001ca0000039ffc0200000001fb00000012005300630065006e0065005400720065006501000000000000039f000000000000000000000001000000bc0000022dfc0200000001fb0000001400540065007800740045006400690074006f007201000000150000022d0000003e00ffffff00000003000005570000007dfc0100000001fb0000000e0043006f006e0073006f006c00650100000000000005570000005400ffffff000004950000022d00000004000000040000000100000008fc00000000
simulationViewPerspectives: 000000ff0000000100000002000001c2000002cd0100000006010000000101
sceneTreePerspectives: 000000ff0000000100000002000000c0000000a00100000006010000000201
minimizedPerspectives: 
maximizedDockId: -1
centralWidgetVisible: 1
orthographicViewHeight: 1.17829
textFiles: -1
renderingDevicePerspectives: 78;1;0.841667;0.2457;0.102794
