Webots Project File version 8.4.0
perspectives: 000000ff00000000fd00000002000000010000012e000001b8fc0200000001fb0000001400540065007800740045006400690074006f00720000000015000001b80000003e00ffffff0000000300000556000000dafc0100000001fb0000000e0043006f006e0073006f006c00650100000000000005560000005400ffffff00000556000001b800000001000000020000000100000008fc00000000
simulationViewPerspectives: 000000ff00000001000000020000016c000004a00100000006010000000101
sceneTreePerspectives: 000000ff0000000100000002000000c0000001120100000006010000000201
minimizedPerspectives: 
maximizedDockId: -1
centralWidgetVisible: 1
orthographicViewHeight: 1
textFiles: 0 "../../../../../../Program Files/Webots/projects/samples/tutorials/controllers/4_wheels_collision_avoidance/4_wheels_collision_avoidance.c"
renderingDevicePerspectives: 80;1;1;0.0331325;0.0859375
