Webots Project File version 8.4.0
perspectives: 000000ff00000000fd0000000200000001000001e3000002e3fc0200000001fb0000001400540065007800740045006400690074006f00720100000015000002e30000009d00ffffff0000000300000781000000fffc0100000001fb0000000e0043006f006e0073006f006c00650100000000000007810000005400ffffff00000598000002e300000001000000020000000100000008fc00000000
simulationViewPerspectives: 000000ff0000000100000002000001db000003750100000006010000000100
sceneTreePerspectives: 000000ff0000000100000002000000c0000000ba0100000006010000000200
minimizedPerspectives: 
maximizedDockId: -1
centralWidgetVisible: 1
orthographicViewHeight: 1
textFiles: 1 "controllers/ModuleTest/ModuleTest.py" "controllers/COMTEST/COMTEST.py"
renderingDevicePerspectives: 266;1;1;0.0546793;0.0849195
renderingDevicePerspectives: 401;0;1;0.0546793;0.090776
renderingDevicePerspectives: 175;1;2.32812;0.126709;0.207174
renderingDevicePerspectives: 83;0;1;0.171399;0.203514
