Webots Project File version 8.4.0
perspectives: 000000ff00000000fd00000002000000010000012400000298fc0200000001fb0000001400540065007800740045006400690074006f00720000000015000002980000003e00ffffff0000000300000556000000d8fc0100000001fb0000000e0043006f006e0073006f006c00650100000000000005560000005400ffffff00000556000001ba00000001000000020000000100000008fc00000000
simulationViewPerspectives: 000000ff0000000100000002000001db000003750100000006010000000100
sceneTreePerspectives: 000000ff0000000100000002000000c0000000ba0100000006010000000200
minimizedPerspectives: 
maximizedDockId: -1
centralWidgetVisible: 1
orthographicViewHeight: 1
textFiles: -1
renderingDevicePerspectives: 401;0;1;0.0372881;0.0906736
renderingDevicePerspectives: 266;1;1;0.0372881;0.0854922
renderingDevicePerspectives: 175;1;2.32812;0.0853106;0.200777
renderingDevicePerspectives: 83;0;1;0.114124;0.194301
