Webots Project File version 8.4.0
perspectives: 000000ff00000000fd000000020000000100000124000001bafc0200000001fb0000001400540065007800740045006400690074006f00720100000015000001ba0000003e00ffffff0000000300000556000000d8fc0100000001fb0000000e0043006f006e0073006f006c00650100000000000005560000005400ffffff0000042c000001ba00000001000000020000000100000008fc00000000
simulationViewPerspectives: 000000ff0000000100000002000001000000032d0100000006010000000100
sceneTreePerspectives: 000000ff0000000100000002000000c00000007b0100000006010000000200
minimizedPerspectives: 
maximizedDockId: -1
centralWidgetVisible: 1
orthographicViewHeight: 1
textFiles: -1
renderingDevicePerspectives: 90;1;1;0.0409429;0.0932642
